0 330 54 60 389 131
330 0 214 194 45 478
54 214 0 80 200 433
60 194 80 0 401 228
389 45 200 401 0 52
131 478 433 228 52 0